0.000000 	 1.000000 
0.508671 	 0.953310 
1.017343 	 0.882778 
1.526014 	 0.847652 
2.034685 	 0.824353 
2.543356 	 0.801856 
3.052028 	 0.785778 
3.560699 	 0.767138 
4.069370 	 0.750649 
4.578041 	 0.734529 
5.086713 	 0.719486 
5.595384 	 0.706449 
6.104055 	 0.694396 
6.612726 	 0.684650 
7.121398 	 0.678189 
7.630069 	 0.674691 
8.138740 	 0.669726 
8.647411 	 0.662902 
9.156083 	 0.656209 
9.664754 	 0.649907 
10.173425 	 0.646501 
10.682096 	 0.646154 
11.190768 	 0.640078 
11.699439 	 0.633538 
12.208110 	 0.631845 
12.716781 	 0.630653 
13.225453 	 0.628775 
13.734124 	 0.626920 
14.242795 	 0.625679 
14.751466 	 0.623207 
15.260138 	 0.616201 
15.768809 	 0.604066 
16.277480 	 0.595914 
16.786151 	 0.592831 
17.294823 	 0.590746 
17.803494 	 0.588838 
18.312165 	 0.588541 
18.820836 	 0.586989 
19.329508 	 0.585556 
19.838179 	 0.583933 
20.346850 	 0.580933 
20.855521 	 0.574690 
21.364193 	 0.568692 
21.872864 	 0.568578 
22.381535 	 0.569812 
22.890206 	 0.565600 
23.398878 	 0.561517 
23.907549 	 0.555722 
24.416220 	 0.545365 
24.924891 	 0.538878 
25.433563 	 0.535538 
25.942234 	 0.530154 
26.450905 	 0.524585 
26.959576 	 0.519035 
27.468248 	 0.511036 
27.976919 	 0.504022 
28.485590 	 0.498460 
28.994261 	 0.489228 
29.502933 	 0.475163 
30.011604 	 0.467778 
30.520275 	 0.466353 
31.028946 	 0.460303 
31.537618 	 0.450342 
32.046289 	 0.439055 
32.554960 	 0.432267 
33.063632 	 0.429307 
33.572303 	 0.421195 
34.080974 	 0.410006 
34.589645 	 0.399330 
35.098317 	 0.391652 
35.606988 	 0.381755 
36.115659 	 0.371723 
36.624330 	 0.366389 
37.133002 	 0.361695 
37.641673 	 0.358784 
38.150344 	 0.355906 
38.659015 	 0.347593 
39.167687 	 0.337019 
39.676358 	 0.331324 
40.185029 	 0.327360 
40.693700 	 0.319652 
41.202372 	 0.315100 
41.711043 	 0.317900 
42.219714 	 0.315088 
42.728385 	 0.307071 
43.237057 	 0.306261 
43.745728 	 0.299116 
44.254399 	 0.297178 
44.763070 	 0.298396 
45.271742 	 0.296575 
45.780413 	 0.292204 
46.289084 	 0.289544 
46.797755 	 0.287536 
47.306427 	 0.287278 
47.815098 	 0.283874 
48.323769 	 0.276927 
48.832440 	 0.278173 
49.341112 	 0.278540 
49.849783 	 0.275427 
50.358454 	 0.271822 
50.867125 	 0.265445 
51.375797 	 0.263370 
51.884468 	 0.265795 
52.393139 	 0.263378 
52.901810 	 0.259249 
53.410482 	 0.257831 
53.919153 	 0.256786 
54.427824 	 0.251117 
54.936495 	 0.241446 
55.445167 	 0.230261 
55.953838 	 0.223733 
56.462509 	 0.222583 
56.971180 	 0.222502 
57.479852 	 0.221300 
57.988523 	 0.222771 
58.497194 	 0.217304 
59.005865 	 0.209974 
59.514537 	 0.206131 
60.023208 	 0.202572 
60.531879 	 0.204134 
61.040550 	 0.203500 
61.549222 	 0.199523 
62.057893 	 0.185006 
62.566564 	 0.176491 
63.075235 	 0.171474 
63.583907 	 0.165405 
64.092578 	 0.160083 
64.601249 	 0.155923 
65.109921 	 0.157639 
65.618592 	 0.151415 
66.127263 	 0.146782 
66.635934 	 0.144457 
67.144606 	 0.139415 
67.653277 	 0.131256 
68.161948 	 0.128774 
68.670619 	 0.128006 
69.179291 	 0.119388 
69.687962 	 0.114486 
70.196633 	 0.113209 
70.705304 	 0.109872 
71.213976 	 0.104974 
71.722647 	 0.100112 
72.231318 	 0.094531 
72.739989 	 0.094000 
73.248661 	 0.094803 
73.757332 	 0.090675 
74.266003 	 0.087416 
74.774674 	 0.086094 
75.283346 	 0.081453 
75.792017 	 0.080346 
76.300688 	 0.075355 
76.809359 	 0.067986 
77.318031 	 0.069788 
77.826702 	 0.073697 
78.335373 	 0.073755 
78.844044 	 0.070270 
79.352716 	 0.061569 
79.861387 	 0.056458 
80.370058 	 0.059511 
80.878729 	 0.060265 
81.387401 	 0.057305 
81.896072 	 0.056424 
82.404743 	 0.055017 
82.913414 	 0.056841 
83.422086 	 0.055857 
83.930757 	 0.053577 
84.439428 	 0.053518 
84.948099 	 0.051027 
85.456771 	 0.055115 
85.965442 	 0.059766 
86.474113 	 0.057191 
86.982784 	 0.048768 
87.491456 	 0.046710 
88.000127 	 0.053681 
88.508798 	 0.058082 
89.017469 	 0.050121 
89.526141 	 0.043145 
90.034812 	 0.050292 
90.543483 	 0.054433 
91.052154 	 0.060988 
91.560826 	 0.059067 
92.069497 	 0.057539 
92.578168 	 0.059894 
93.086839 	 0.059105 
93.595511 	 0.057704 
94.104182 	 0.056980 
94.612853 	 0.058161 
95.121524 	 0.060771 
95.630196 	 0.064703 
96.138867 	 0.059707 
96.647538 	 0.052476 
97.156209 	 0.049723 
97.664881 	 0.051732 
98.173552 	 0.054850 
98.682223 	 0.057880 
99.190895 	 0.051280 
99.699566 	 0.045853 
100.208237 	 0.047976 
100.716908 	 0.049710 
101.225580 	 0.050412 
101.734251 	 0.050578 
102.242922 	 0.049178 
102.751593 	 0.057130 
103.260265 	 0.063654 
103.768936 	 0.064206 
104.277607 	 0.065046 
104.786278 	 0.061849 
105.294950 	 0.060578 
105.803621 	 0.059745 
106.312292 	 0.061149 
106.820963 	 0.060507 
107.329635 	 0.057034 
107.838306 	 0.058382 
108.346977 	 0.057628 
108.855648 	 0.051705 
109.364320 	 0.044992 
109.872991 	 0.044880 
110.381662 	 0.041669 
110.890333 	 0.043931 
111.399005 	 0.052404 
111.907676 	 0.050071 
112.416347 	 0.051873 
112.925018 	 0.051678 
113.433690 	 0.052989 
113.942361 	 0.052783 
114.451032 	 0.049249 
114.959703 	 0.033322 
115.468375 	 0.025657 
115.977046 	 0.043913 
116.485717 	 0.048617 
116.994388 	 0.042802 
117.503060 	 0.037608 
118.011731 	 0.044139 
118.520402 	 0.049066 
119.029073 	 0.054096 
119.537745 	 0.054129 
120.046416 	 0.046385 
120.555087 	 0.049645 
121.063758 	 0.053576 
121.572430 	 0.047249 
122.081101 	 0.043991 
122.589772 	 0.044365 
123.098443 	 0.047177 
123.607115 	 0.049590 
124.115786 	 0.045460 
124.624457 	 0.044507 
125.133128 	 0.042139 
125.641800 	 0.045303 
126.150471 	 0.050410 
126.659142 	 0.052531 
127.167813 	 0.052155 
127.676485 	 0.057365 
128.185156 	 0.059012 
128.693827 	 0.057561 
129.202498 	 0.055080 
129.711170 	 0.054920 
130.219841 	 0.060850 
130.728512 	 0.058716 
131.237184 	 0.062797 
131.745855 	 0.077861 
132.254526 	 0.081021 
132.763197 	 0.066333 
133.271869 	 0.057698 
133.780540 	 0.060421 
134.289211 	 0.071526 
134.797882 	 0.071596 
135.306554 	 0.060764 
135.815225 	 0.063409 
136.323896 	 0.077472 
136.832567 	 0.074221 
137.341239 	 0.072708 
137.849910 	 0.068313 
138.358581 	 0.060299 
138.867252 	 0.053276 
139.375924 	 0.049629 
139.884595 	 0.050733 
140.393266 	 0.062198 
140.901937 	 0.078180 
141.410609 	 0.084530 
141.919280 	 0.073716 
142.427951 	 0.074886 
142.936622 	 0.074958 
143.445294 	 0.077143 
143.953965 	 0.082587 
144.462636 	 0.076457 
144.971307 	 0.067317 
145.479979 	 0.061635 
145.988650 	 0.065856 
146.497321 	 0.055495 
147.005992 	 0.057978 
147.514664 	 0.062020 
148.023335 	 0.056074 
148.532006 	 0.048931 
149.040677 	 0.070700 
149.549349 	 0.071212 
150.058020 	 0.055468 
150.566691 	 0.058195 
151.075362 	 0.061190 
151.584034 	 0.067391 
152.092705 	 0.069187 
152.601376 	 0.072228 
153.110047 	 0.056441 
153.618719 	 0.049017 
154.127390 	 0.060965 
154.636061 	 0.060896 
155.144732 	 0.057730 
155.653404 	 0.053180 
156.162075 	 0.059804 
156.670746 	 0.066268 
157.179417 	 0.061297 
157.688089 	 0.058368 
158.196760 	 0.053735 
158.705431 	 0.061067 
159.214102 	 0.077078 
159.722774 	 0.055106 
160.231445 	 0.047207 
160.740116 	 0.055790 
161.248787 	 0.072946 
161.757459 	 0.079641 
162.266130 	 0.056963 
162.774801 	 0.038241 
163.283473 	 0.052091 
163.792144 	 0.067515 
164.300815 	 0.079970 
164.809486 	 0.089398 
165.318158 	 0.072767 
165.826829 	 0.069386 
166.335500 	 0.076383 
166.844171 	 0.081506 
167.352843 	 0.070075 
167.861514 	 0.072983 
168.370185 	 0.082976 
168.878856 	 0.068929 
169.387528 	 0.058080 
169.896199 	 0.067509 
170.404870 	 0.065561 
170.913541 	 0.071464 
171.422213 	 0.070650 
171.930884 	 0.054512 
172.439555 	 0.042929 
172.948226 	 0.044988 
173.456898 	 0.054918 
173.965569 	 0.060279 
174.474240 	 0.062707 
174.982911 	 0.058759 
175.491583 	 0.068033 
176.000254 	 0.062421 
176.508925 	 0.046757 
177.017596 	 0.039100 
177.526268 	 0.036877 
178.034939 	 0.035761 
178.543610 	 0.035418 
179.052281 	 0.042527 
179.560953 	 0.046778 
180.069624 	 0.057259 
180.578295 	 0.075903 
181.086966 	 0.062323 
181.595638 	 0.059925 
182.104309 	 0.068752 
182.612980 	 0.058134 
183.121651 	 0.060678 
183.630323 	 0.065768 
184.138994 	 0.070172 
184.647665 	 0.079449 
185.156336 	 0.076454 
185.665008 	 0.069776 
186.173679 	 0.063850 
186.682350 	 0.053724 
187.191021 	 0.055602 
187.699693 	 0.076921 
188.208364 	 0.083159 
188.717035 	 0.087674 
189.225706 	 0.078999 
189.734378 	 0.064625 
190.243049 	 0.073633 
190.751720 	 0.084025 
191.260391 	 0.079423 
191.769063 	 0.085956 
192.277734 	 0.073988 
192.786405 	 0.064925 
193.295076 	 0.082604 
193.803748 	 0.094596 
194.312419 	 0.086789 
194.821090 	 0.067673 
195.329762 	 0.083258 
195.838433 	 0.087294 
196.347104 	 0.099198 
196.855775 	 0.093810 
197.364447 	 0.078043 
197.873118 	 0.088117 
198.381789 	 0.087012 
198.890460 	 0.084857 
199.399132 	 0.074024 
199.907803 	 0.079593 
200.416474 	 0.083251 
200.925145 	 0.089954 
201.433817 	 0.080783 
201.942488 	 0.064063 
202.451159 	 0.070925 
202.959830 	 0.110551 
203.468502 	 0.125395 
203.977173 	 0.123866 
